current_mode_encoded: 3378.99462890625
accel: 12.085465431213379
rolling_mean_speed_3s: 8.401346206665039
prev_accel: 6.166446208953857
edge_type_code: 5.738685131072998
speed: 5.6670379638671875
rolling_std_accel_3s: 5.511290073394775
prev_speed: 4.969279766082764
traffic_density_on_edge: 4.842678546905518
hard_accel_flag: 4.7145466804504395
speed_limit: 4.152389049530029
avg_speed_on_edge: 4.041262626647949
speed_norm: 3.7476696968078613
lane_max_speed: 3.615842819213867
