current_mode_encoded: 2251.832763671875
rolling_mean_speed_3s: 42.60274124145508
accel: 11.415650367736816
rolling_std_accel_3s: 7.908015251159668
speed: 7.319178581237793
edge_type_code: 6.868650913238525
speed_norm: 6.848979949951172
prev_accel: 6.593693256378174
traffic_density_on_edge: 6.378625392913818
prev_speed: 5.390533447265625
lane_max_speed: 5.105425834655762
speed_limit: 4.9803290367126465
avg_speed_on_edge: 4.832503795623779
hard_accel_flag: 4.715175151824951
